SFA-433,,471
SFA-434,,472
SFA-435,1st ,473
SFA-557,22nd ,474
SFA-558,22nd ,474
SFA-559,22nd ,474
SFA-560,22nd ,474
SFA-561,,475
SFA-562,,475
SFA-750,22nd,476